7

3
John Doe
Jane Smith
Sirhan Sirhan
1 2 3
2 1 3
2 3 1
1 2 3
3 1 2

2
Donald Trump
Hillary Clinton
1 2
1 2
1 2
1 2
1 2
1 2
1 2
1 2
1 2
1 2
1 2
2 1
2 1
2 1
2 1
2 1
2 1
2 1
2 1
2 1
2 1

1
Kim Jong-Un
1
1
1
1
1
1
1
1
1
1
1
1
1
1
1
1
1
1
1
1
1
1
1
1
1
1

5
Bernie Sanders
Vermin Supreme
Jimmy McMillan
Ted Cruz
Gary Johnson
1 2 3 4 5
2 3 4 5 1
3 4 5 1 2
4 5 1 2 3
5 1 2 3 4
1 2 3 4 5

4
left twix
right twix
middle twix
snickers
1 2 3 4
2 3 4 1
3 4 1 2
4 1 2 3
1 2 3 4
2 3 4 1
1 2 3 4
2 3 4 1
1 2 3 4
2 3 4 1
1 2 3 4
2 3 4 1
1 2 3 4
2 3 4 1
1 2 3 4
2 3 4 1

3
oceania
eurasia
eastasia
1 2 3
2 3 1
3 1 2
1 2 3
2 3 1
3 1 2
1 2 3
2 3 1
3 1 2
1 2 3
2 3 1
3 1 2
1 2 3
2 3 1
3 1 2
1 2 3
2 3 1
3 1 2
1 2 3
2 3 1
3 1 2
1 2 3
2 3 1
3 1 2
1 2 3
2 3 1
3 1 2
1 2 3
2 3 1
3 1 2
1 2 3
2 3 1
3 1 2
1 2 3
2 3 1
3 1 2
1 2 3
2 3 1
3 1 2
1 2 3
2 3 1
3 1 2
1 2 3
2 3 1
3 1 2
1 2 3
2 3 1
3 1 2

20
a
b
c
d
e
f
g
h
i
j
k
l
m
n
o
p
q
r
s
t
1 2 3 4 5 6 7 8 9 10 11 12 13 14 15 16 17 18 19 20
2 3 4 5 6 7 8 9 10 11 12 13 14 15 16 17 18 19 20 1
3 4 5 6 7 8 9 10 11 12 13 14 15 16 17 18 19 20 1 2
4 5 6 7 8 9 10 11 12 13 14 15 16 17 18 19 20 1 2 3
5 6 7 8 9 10 11 12 13 14 15 16 17 18 19 20 1 2 3 4
6 7 8 9 10 11 12 13 14 15 16 17 18 19 20 1 2 3 4 5
7 8 9 10 11 12 13 14 15 16 17 18 19 20 1 2 3 4 5 6
8 9 10 11 12 13 14 15 16 17 18 19 20 1 2 3 4 5 6 7
9 10 11 12 13 14 15 16 17 18 19 20 1 2 3 4 5 6 7 8
10 11 12 13 14 15 16 17 18 19 20 1 2 3 4 5 6 7 8 9
11 12 13 14 15 16 17 18 19 20 1 2 3 4 5 6 7 8 9 10
12 13 14 15 16 17 18 19 20 1 2 3 4 5 6 7 8 9 10 11
13 14 15 16 17 18 19 20 1 2 3 4 5 6 7 8 9 10 11 12
14 15 16 17 18 19 20 1 2 3 4 5 6 7 8 9 10 11 12 13
15 16 17 18 19 20 1 2 3 4 5 6 7 8 9 10 11 12 13 14
16 17 18 19 20 1 2 3 4 5 6 7 8 9 10 11 12 13 14 15
17 18 19 20 1 2 3 4 5 6 7 8 9 10 11 12 13 14 15 16
18 19 20 1 2 3 4 5 6 7 8 9 10 11 12 13 14 15 16 17
19 20 1 2 3 4 5 6 7 8 9 10 11 12 13 14 15 16 17 18
20 1 2 3 4 5 6 7 8 9 10 11 12 13 14 15 16 17 18 19
1 2 3 4 5 6 7 8 9 10 11 12 13 14 15 16 17 18 19 20
2 3 4 5 6 7 8 9 10 11 12 13 14 15 16 17 18 19 20 1
3 4 5 6 7 8 9 10 11 12 13 14 15 16 17 18 19 20 1 2
4 5 6 7 8 9 10 11 12 13 14 15 16 17 18 19 20 1 2 3
5 6 7 8 9 10 11 12 13 14 15 16 17 18 19 20 1 2 3 4
6 7 8 9 10 11 12 13 14 15 16 17 18 19 20 1 2 3 4 5
7 8 9 10 11 12 13 14 15 16 17 18 19 20 1 2 3 4 5 6
8 9 10 11 12 13 14 15 16 17 18 19 20 1 2 3 4 5 6 7
9 10 11 12 13 14 15 16 17 18 19 20 1 2 3 4 5 6 7 8
10 11 12 13 14 15 16 17 18 19 20 1 2 3 4 5 6 7 8 9
11 12 13 14 15 16 17 18 19 20 1 2 3 4 5 6 7 8 9 10
12 13 14 15 16 17 18 19 20 1 2 3 4 5 6 7 8 9 10 11
13 14 15 16 17 18 19 20 1 2 3 4 5 6 7 8 9 10 11 12
14 15 16 17 18 19 20 1 2 3 4 5 6 7 8 9 10 11 12 13
15 16 17 18 19 20 1 2 3 4 5 6 7 8 9 10 11 12 13 14
16 17 18 19 20 1 2 3 4 5 6 7 8 9 10 11 12 13 14 15
17 18 19 20 1 2 3 4 5 6 7 8 9 10 11 12 13 14 15 16
18 19 20 1 2 3 4 5 6 7 8 9 10 11 12 13 14 15 16 17
19 20 1 2 3 4 5 6 7 8 9 10 11 12 13 14 15 16 17 18
20 1 2 3 4 5 6 7 8 9 10 11 12 13 14 15 16 17 18 19
1 2 3 4 5 6 7 8 9 10 11 12 13 14 15 16 17 18 19 20
2 3 4 5 6 7 8 9 10 11 12 13 14 15 16 17 18 19 20 1
3 4 5 6 7 8 9 10 11 12 13 14 15 16 17 18 19 20 1 2
4 5 6 7 8 9 10 11 12 13 14 15 16 17 18 19 20 1 2 3
5 6 7 8 9 10 11 12 13 14 15 16 17 18 19 20 1 2 3 4
6 7 8 9 10 11 12 13 14 15 16 17 18 19 20 1 2 3 4 5
7 8 9 10 11 12 13 14 15 16 17 18 19 20 1 2 3 4 5 6
8 9 10 11 12 13 14 15 16 17 18 19 20 1 2 3 4 5 6 7
9 10 11 12 13 14 15 16 17 18 19 20 1 2 3 4 5 6 7 8
10 11 12 13 14 15 16 17 18 19 20 1 2 3 4 5 6 7 8 9
11 12 13 14 15 16 17 18 19 20 1 2 3 4 5 6 7 8 9 10
12 13 14 15 16 17 18 19 20 1 2 3 4 5 6 7 8 9 10 11
13 14 15 16 17 18 19 20 1 2 3 4 5 6 7 8 9 10 11 12
14 15 16 17 18 19 20 1 2 3 4 5 6 7 8 9 10 11 12 13
15 16 17 18 19 20 1 2 3 4 5 6 7 8 9 10 11 12 13 14
16 17 18 19 20 1 2 3 4 5 6 7 8 9 10 11 12 13 14 15
17 18 19 20 1 2 3 4 5 6 7 8 9 10 11 12 13 14 15 16
18 19 20 1 2 3 4 5 6 7 8 9 10 11 12 13 14 15 16 17
19 20 1 2 3 4 5 6 7 8 9 10 11 12 13 14 15 16 17 18
20 1 2 3 4 5 6 7 8 9 10 11 12 13 14 15 16 17 18 19
1 2 3 4 5 6 7 8 9 10 11 12 13 14 15 16 17 18 19 20
2 3 4 5 6 7 8 9 10 11 12 13 14 15 16 17 18 19 20 1
3 4 5 6 7 8 9 10 11 12 13 14 15 16 17 18 19 20 1 2
4 5 6 7 8 9 10 11 12 13 14 15 16 17 18 19 20 1 2 3
5 6 7 8 9 10 11 12 13 14 15 16 17 18 19 20 1 2 3 4
6 7 8 9 10 11 12 13 14 15 16 17 18 19 20 1 2 3 4 5
7 8 9 10 11 12 13 14 15 16 17 18 19 20 1 2 3 4 5 6
8 9 10 11 12 13 14 15 16 17 18 19 20 1 2 3 4 5 6 7
9 10 11 12 13 14 15 16 17 18 19 20 1 2 3 4 5 6 7 8
10 11 12 13 14 15 16 17 18 19 20 1 2 3 4 5 6 7 8 9
11 12 13 14 15 16 17 18 19 20 1 2 3 4 5 6 7 8 9 10
12 13 14 15 16 17 18 19 20 1 2 3 4 5 6 7 8 9 10 11
13 14 15 16 17 18 19 20 1 2 3 4 5 6 7 8 9 10 11 12
14 15 16 17 18 19 20 1 2 3 4 5 6 7 8 9 10 11 12 13
15 16 17 18 19 20 1 2 3 4 5 6 7 8 9 10 11 12 13 14
16 17 18 19 20 1 2 3 4 5 6 7 8 9 10 11 12 13 14 15
17 18 19 20 1 2 3 4 5 6 7 8 9 10 11 12 13 14 15 16
18 19 20 1 2 3 4 5 6 7 8 9 10 11 12 13 14 15 16 17
19 20 1 2 3 4 5 6 7 8 9 10 11 12 13 14 15 16 17 18
20 1 2 3 4 5 6 7 8 9 10 11 12 13 14 15 16 17 18 19
1 2 3 4 5 6 7 8 9 10 11 12 13 14 15 16 17 18 19 20
2 3 4 5 6 7 8 9 10 11 12 13 14 15 16 17 18 19 20 1
3 4 5 6 7 8 9 10 11 12 13 14 15 16 17 18 19 20 1 2
4 5 6 7 8 9 10 11 12 13 14 15 16 17 18 19 20 1 2 3
5 6 7 8 9 10 11 12 13 14 15 16 17 18 19 20 1 2 3 4
6 7 8 9 10 11 12 13 14 15 16 17 18 19 20 1 2 3 4 5
7 8 9 10 11 12 13 14 15 16 17 18 19 20 1 2 3 4 5 6
8 9 10 11 12 13 14 15 16 17 18 19 20 1 2 3 4 5 6 7
9 10 11 12 13 14 15 16 17 18 19 20 1 2 3 4 5 6 7 8
10 11 12 13 14 15 16 17 18 19 20 1 2 3 4 5 6 7 8 9
11 12 13 14 15 16 17 18 19 20 1 2 3 4 5 6 7 8 9 10
12 13 14 15 16 17 18 19 20 1 2 3 4 5 6 7 8 9 10 11
13 14 15 16 17 18 19 20 1 2 3 4 5 6 7 8 9 10 11 12
14 15 16 17 18 19 20 1 2 3 4 5 6 7 8 9 10 11 12 13
15 16 17 18 19 20 1 2 3 4 5 6 7 8 9 10 11 12 13 14
16 17 18 19 20 1 2 3 4 5 6 7 8 9 10 11 12 13 14 15
17 18 19 20 1 2 3 4 5 6 7 8 9 10 11 12 13 14 15 16
18 19 20 1 2 3 4 5 6 7 8 9 10 11 12 13 14 15 16 17
19 20 1 2 3 4 5 6 7 8 9 10 11 12 13 14 15 16 17 18
20 1 2 3 4 5 6 7 8 9 10 11 12 13 14 15 16 17 18 19
1 2 3 4 5 6 7 8 9 10 11 12 13 14 15 16 17 18 19 20
2 3 4 5 6 7 8 9 10 11 12 13 14 15 16 17 18 19 20 1
3 4 5 6 7 8 9 10 11 12 13 14 15 16 17 18 19 20 1 2
4 5 6 7 8 9 10 11 12 13 14 15 16 17 18 19 20 1 2 3
5 6 7 8 9 10 11 12 13 14 15 16 17 18 19 20 1 2 3 4
6 7 8 9 10 11 12 13 14 15 16 17 18 19 20 1 2 3 4 5
7 8 9 10 11 12 13 14 15 16 17 18 19 20 1 2 3 4 5 6
8 9 10 11 12 13 14 15 16 17 18 19 20 1 2 3 4 5 6 7
9 10 11 12 13 14 15 16 17 18 19 20 1 2 3 4 5 6 7 8
10 11 12 13 14 15 16 17 18 19 20 1 2 3 4 5 6 7 8 9
11 12 13 14 15 16 17 18 19 20 1 2 3 4 5 6 7 8 9 10
12 13 14 15 16 17 18 19 20 1 2 3 4 5 6 7 8 9 10 11
13 14 15 16 17 18 19 20 1 2 3 4 5 6 7 8 9 10 11 12
14 15 16 17 18 19 20 1 2 3 4 5 6 7 8 9 10 11 12 13
15 16 17 18 19 20 1 2 3 4 5 6 7 8 9 10 11 12 13 14
16 17 18 19 20 1 2 3 4 5 6 7 8 9 10 11 12 13 14 15
17 18 19 20 1 2 3 4 5 6 7 8 9 10 11 12 13 14 15 16
18 19 20 1 2 3 4 5 6 7 8 9 10 11 12 13 14 15 16 17
19 20 1 2 3 4 5 6 7 8 9 10 11 12 13 14 15 16 17 18
20 1 2 3 4 5 6 7 8 9 10 11 12 13 14 15 16 17 18 19
1 2 3 4 5 6 7 8 9 10 11 12 13 14 15 16 17 18 19 20
2 3 4 5 6 7 8 9 10 11 12 13 14 15 16 17 18 19 20 1
3 4 5 6 7 8 9 10 11 12 13 14 15 16 17 18 19 20 1 2
4 5 6 7 8 9 10 11 12 13 14 15 16 17 18 19 20 1 2 3
5 6 7 8 9 10 11 12 13 14 15 16 17 18 19 20 1 2 3 4
6 7 8 9 10 11 12 13 14 15 16 17 18 19 20 1 2 3 4 5
7 8 9 10 11 12 13 14 15 16 17 18 19 20 1 2 3 4 5 6
8 9 10 11 12 13 14 15 16 17 18 19 20 1 2 3 4 5 6 7
9 10 11 12 13 14 15 16 17 18 19 20 1 2 3 4 5 6 7 8
10 11 12 13 14 15 16 17 18 19 20 1 2 3 4 5 6 7 8 9
11 12 13 14 15 16 17 18 19 20 1 2 3 4 5 6 7 8 9 10
12 13 14 15 16 17 18 19 20 1 2 3 4 5 6 7 8 9 10 11
13 14 15 16 17 18 19 20 1 2 3 4 5 6 7 8 9 10 11 12
14 15 16 17 18 19 20 1 2 3 4 5 6 7 8 9 10 11 12 13
15 16 17 18 19 20 1 2 3 4 5 6 7 8 9 10 11 12 13 14
16 17 18 19 20 1 2 3 4 5 6 7 8 9 10 11 12 13 14 15
17 18 19 20 1 2 3 4 5 6 7 8 9 10 11 12 13 14 15 16
18 19 20 1 2 3 4 5 6 7 8 9 10 11 12 13 14 15 16 17
19 20 1 2 3 4 5 6 7 8 9 10 11 12 13 14 15 16 17 18
20 1 2 3 4 5 6 7 8 9 10 11 12 13 14 15 16 17 18 19
1 2 3 4 5 6 7 8 9 10 11 12 13 14 15 16 17 18 19 20
2 3 4 5 6 7 8 9 10 11 12 13 14 15 16 17 18 19 20 1
3 4 5 6 7 8 9 10 11 12 13 14 15 16 17 18 19 20 1 2
4 5 6 7 8 9 10 11 12 13 14 15 16 17 18 19 20 1 2 3
5 6 7 8 9 10 11 12 13 14 15 16 17 18 19 20 1 2 3 4
6 7 8 9 10 11 12 13 14 15 16 17 18 19 20 1 2 3 4 5
7 8 9 10 11 12 13 14 15 16 17 18 19 20 1 2 3 4 5 6
8 9 10 11 12 13 14 15 16 17 18 19 20 1 2 3 4 5 6 7
9 10 11 12 13 14 15 16 17 18 19 20 1 2 3 4 5 6 7 8
10 11 12 13 14 15 16 17 18 19 20 1 2 3 4 5 6 7 8 9
11 12 13 14 15 16 17 18 19 20 1 2 3 4 5 6 7 8 9 10
12 13 14 15 16 17 18 19 20 1 2 3 4 5 6 7 8 9 10 11
13 14 15 16 17 18 19 20 1 2 3 4 5 6 7 8 9 10 11 12
14 15 16 17 18 19 20 1 2 3 4 5 6 7 8 9 10 11 12 13
15 16 17 18 19 20 1 2 3 4 5 6 7 8 9 10 11 12 13 14
16 17 18 19 20 1 2 3 4 5 6 7 8 9 10 11 12 13 14 15
17 18 19 20 1 2 3 4 5 6 7 8 9 10 11 12 13 14 15 16
18 19 20 1 2 3 4 5 6 7 8 9 10 11 12 13 14 15 16 17
19 20 1 2 3 4 5 6 7 8 9 10 11 12 13 14 15 16 17 18
20 1 2 3 4 5 6 7 8 9 10 11 12 13 14 15 16 17 18 19
1 2 3 4 5 6 7 8 9 10 11 12 13 14 15 16 17 18 19 20
2 3 4 5 6 7 8 9 10 11 12 13 14 15 16 17 18 19 20 1
3 4 5 6 7 8 9 10 11 12 13 14 15 16 17 18 19 20 1 2
4 5 6 7 8 9 10 11 12 13 14 15 16 17 18 19 20 1 2 3
5 6 7 8 9 10 11 12 13 14 15 16 17 18 19 20 1 2 3 4
6 7 8 9 10 11 12 13 14 15 16 17 18 19 20 1 2 3 4 5
7 8 9 10 11 12 13 14 15 16 17 18 19 20 1 2 3 4 5 6
8 9 10 11 12 13 14 15 16 17 18 19 20 1 2 3 4 5 6 7
9 10 11 12 13 14 15 16 17 18 19 20 1 2 3 4 5 6 7 8
10 11 12 13 14 15 16 17 18 19 20 1 2 3 4 5 6 7 8 9
11 12 13 14 15 16 17 18 19 20 1 2 3 4 5 6 7 8 9 10
12 13 14 15 16 17 18 19 20 1 2 3 4 5 6 7 8 9 10 11
13 14 15 16 17 18 19 20 1 2 3 4 5 6 7 8 9 10 11 12
14 15 16 17 18 19 20 1 2 3 4 5 6 7 8 9 10 11 12 13
15 16 17 18 19 20 1 2 3 4 5 6 7 8 9 10 11 12 13 14
16 17 18 19 20 1 2 3 4 5 6 7 8 9 10 11 12 13 14 15
17 18 19 20 1 2 3 4 5 6 7 8 9 10 11 12 13 14 15 16
18 19 20 1 2 3 4 5 6 7 8 9 10 11 12 13 14 15 16 17
19 20 1 2 3 4 5 6 7 8 9 10 11 12 13 14 15 16 17 18
20 1 2 3 4 5 6 7 8 9 10 11 12 13 14 15 16 17 18 19
1 2 3 4 5 6 7 8 9 10 11 12 13 14 15 16 17 18 19 20
2 3 4 5 6 7 8 9 10 11 12 13 14 15 16 17 18 19 20 1
3 4 5 6 7 8 9 10 11 12 13 14 15 16 17 18 19 20 1 2
4 5 6 7 8 9 10 11 12 13 14 15 16 17 18 19 20 1 2 3
5 6 7 8 9 10 11 12 13 14 15 16 17 18 19 20 1 2 3 4
6 7 8 9 10 11 12 13 14 15 16 17 18 19 20 1 2 3 4 5
7 8 9 10 11 12 13 14 15 16 17 18 19 20 1 2 3 4 5 6
8 9 10 11 12 13 14 15 16 17 18 19 20 1 2 3 4 5 6 7
9 10 11 12 13 14 15 16 17 18 19 20 1 2 3 4 5 6 7 8
10 11 12 13 14 15 16 17 18 19 20 1 2 3 4 5 6 7 8 9
11 12 13 14 15 16 17 18 19 20 1 2 3 4 5 6 7 8 9 10
12 13 14 15 16 17 18 19 20 1 2 3 4 5 6 7 8 9 10 11
13 14 15 16 17 18 19 20 1 2 3 4 5 6 7 8 9 10 11 12
14 15 16 17 18 19 20 1 2 3 4 5 6 7 8 9 10 11 12 13
15 16 17 18 19 20 1 2 3 4 5 6 7 8 9 10 11 12 13 14
16 17 18 19 20 1 2 3 4 5 6 7 8 9 10 11 12 13 14 15
17 18 19 20 1 2 3 4 5 6 7 8 9 10 11 12 13 14 15 16
18 19 20 1 2 3 4 5 6 7 8 9 10 11 12 13 14 15 16 17
19 20 1 2 3 4 5 6 7 8 9 10 11 12 13 14 15 16 17 18
20 1 2 3 4 5 6 7 8 9 10 11 12 13 14 15 16 17 18 19
1 2 3 4 5 6 7 8 9 10 11 12 13 14 15 16 17 18 19 20
2 3 4 5 6 7 8 9 10 11 12 13 14 15 16 17 18 19 20 1
3 4 5 6 7 8 9 10 11 12 13 14 15 16 17 18 19 20 1 2
4 5 6 7 8 9 10 11 12 13 14 15 16 17 18 19 20 1 2 3
5 6 7 8 9 10 11 12 13 14 15 16 17 18 19 20 1 2 3 4
6 7 8 9 10 11 12 13 14 15 16 17 18 19 20 1 2 3 4 5
7 8 9 10 11 12 13 14 15 16 17 18 19 20 1 2 3 4 5 6
8 9 10 11 12 13 14 15 16 17 18 19 20 1 2 3 4 5 6 7
9 10 11 12 13 14 15 16 17 18 19 20 1 2 3 4 5 6 7 8
10 11 12 13 14 15 16 17 18 19 20 1 2 3 4 5 6 7 8 9
11 12 13 14 15 16 17 18 19 20 1 2 3 4 5 6 7 8 9 10
12 13 14 15 16 17 18 19 20 1 2 3 4 5 6 7 8 9 10 11
13 14 15 16 17 18 19 20 1 2 3 4 5 6 7 8 9 10 11 12
14 15 16 17 18 19 20 1 2 3 4 5 6 7 8 9 10 11 12 13
15 16 17 18 19 20 1 2 3 4 5 6 7 8 9 10 11 12 13 14
16 17 18 19 20 1 2 3 4 5 6 7 8 9 10 11 12 13 14 15
17 18 19 20 1 2 3 4 5 6 7 8 9 10 11 12 13 14 15 16
18 19 20 1 2 3 4 5 6 7 8 9 10 11 12 13 14 15 16 17
19 20 1 2 3 4 5 6 7 8 9 10 11 12 13 14 15 16 17 18
20 1 2 3 4 5 6 7 8 9 10 11 12 13 14 15 16 17 18 19
1 2 3 4 5 6 7 8 9 10 11 12 13 14 15 16 17 18 19 20
2 3 4 5 6 7 8 9 10 11 12 13 14 15 16 17 18 19 20 1
3 4 5 6 7 8 9 10 11 12 13 14 15 16 17 18 19 20 1 2
4 5 6 7 8 9 10 11 12 13 14 15 16 17 18 19 20 1 2 3
5 6 7 8 9 10 11 12 13 14 15 16 17 18 19 20 1 2 3 4
6 7 8 9 10 11 12 13 14 15 16 17 18 19 20 1 2 3 4 5
7 8 9 10 11 12 13 14 15 16 17 18 19 20 1 2 3 4 5 6
8 9 10 11 12 13 14 15 16 17 18 19 20 1 2 3 4 5 6 7
9 10 11 12 13 14 15 16 17 18 19 20 1 2 3 4 5 6 7 8
10 11 12 13 14 15 16 17 18 19 20 1 2 3 4 5 6 7 8 9
11 12 13 14 15 16 17 18 19 20 1 2 3 4 5 6 7 8 9 10
12 13 14 15 16 17 18 19 20 1 2 3 4 5 6 7 8 9 10 11
13 14 15 16 17 18 19 20 1 2 3 4 5 6 7 8 9 10 11 12
14 15 16 17 18 19 20 1 2 3 4 5 6 7 8 9 10 11 12 13
15 16 17 18 19 20 1 2 3 4 5 6 7 8 9 10 11 12 13 14
16 17 18 19 20 1 2 3 4 5 6 7 8 9 10 11 12 13 14 15
17 18 19 20 1 2 3 4 5 6 7 8 9 10 11 12 13 14 15 16
18 19 20 1 2 3 4 5 6 7 8 9 10 11 12 13 14 15 16 17
19 20 1 2 3 4 5 6 7 8 9 10 11 12 13 14 15 16 17 18
20 1 2 3 4 5 6 7 8 9 10 11 12 13 14 15 16 17 18 19
1 2 3 4 5 6 7 8 9 10 11 12 13 14 15 16 17 18 19 20
2 3 4 5 6 7 8 9 10 11 12 13 14 15 16 17 18 19 20 1
3 4 5 6 7 8 9 10 11 12 13 14 15 16 17 18 19 20 1 2
4 5 6 7 8 9 10 11 12 13 14 15 16 17 18 19 20 1 2 3
5 6 7 8 9 10 11 12 13 14 15 16 17 18 19 20 1 2 3 4
6 7 8 9 10 11 12 13 14 15 16 17 18 19 20 1 2 3 4 5
7 8 9 10 11 12 13 14 15 16 17 18 19 20 1 2 3 4 5 6
8 9 10 11 12 13 14 15 16 17 18 19 20 1 2 3 4 5 6 7
9 10 11 12 13 14 15 16 17 18 19 20 1 2 3 4 5 6 7 8
10 11 12 13 14 15 16 17 18 19 20 1 2 3 4 5 6 7 8 9
11 12 13 14 15 16 17 18 19 20 1 2 3 4 5 6 7 8 9 10
12 13 14 15 16 17 18 19 20 1 2 3 4 5 6 7 8 9 10 11
13 14 15 16 17 18 19 20 1 2 3 4 5 6 7 8 9 10 11 12
14 15 16 17 18 19 20 1 2 3 4 5 6 7 8 9 10 11 12 13
15 16 17 18 19 20 1 2 3 4 5 6 7 8 9 10 11 12 13 14
16 17 18 19 20 1 2 3 4 5 6 7 8 9 10 11 12 13 14 15
17 18 19 20 1 2 3 4 5 6 7 8 9 10 11 12 13 14 15 16
18 19 20 1 2 3 4 5 6 7 8 9 10 11 12 13 14 15 16 17
19 20 1 2 3 4 5 6 7 8 9 10 11 12 13 14 15 16 17 18
20 1 2 3 4 5 6 7 8 9 10 11 12 13 14 15 16 17 18 19
1 2 3 4 5 6 7 8 9 10 11 12 13 14 15 16 17 18 19 20
2 3 4 5 6 7 8 9 10 11 12 13 14 15 16 17 18 19 20 1
3 4 5 6 7 8 9 10 11 12 13 14 15 16 17 18 19 20 1 2
4 5 6 7 8 9 10 11 12 13 14 15 16 17 18 19 20 1 2 3
5 6 7 8 9 10 11 12 13 14 15 16 17 18 19 20 1 2 3 4
6 7 8 9 10 11 12 13 14 15 16 17 18 19 20 1 2 3 4 5
7 8 9 10 11 12 13 14 15 16 17 18 19 20 1 2 3 4 5 6
8 9 10 11 12 13 14 15 16 17 18 19 20 1 2 3 4 5 6 7
9 10 11 12 13 14 15 16 17 18 19 20 1 2 3 4 5 6 7 8
10 11 12 13 14 15 16 17 18 19 20 1 2 3 4 5 6 7 8 9
11 12 13 14 15 16 17 18 19 20 1 2 3 4 5 6 7 8 9 10
12 13 14 15 16 17 18 19 20 1 2 3 4 5 6 7 8 9 10 11
13 14 15 16 17 18 19 20 1 2 3 4 5 6 7 8 9 10 11 12
14 15 16 17 18 19 20 1 2 3 4 5 6 7 8 9 10 11 12 13
15 16 17 18 19 20 1 2 3 4 5 6 7 8 9 10 11 12 13 14
16 17 18 19 20 1 2 3 4 5 6 7 8 9 10 11 12 13 14 15
17 18 19 20 1 2 3 4 5 6 7 8 9 10 11 12 13 14 15 16
18 19 20 1 2 3 4 5 6 7 8 9 10 11 12 13 14 15 16 17
19 20 1 2 3 4 5 6 7 8 9 10 11 12 13 14 15 16 17 18
20 1 2 3 4 5 6 7 8 9 10 11 12 13 14 15 16 17 18 19
1 2 3 4 5 6 7 8 9 10 11 12 13 14 15 16 17 18 19 20
2 3 4 5 6 7 8 9 10 11 12 13 14 15 16 17 18 19 20 1
3 4 5 6 7 8 9 10 11 12 13 14 15 16 17 18 19 20 1 2
4 5 6 7 8 9 10 11 12 13 14 15 16 17 18 19 20 1 2 3
5 6 7 8 9 10 11 12 13 14 15 16 17 18 19 20 1 2 3 4
6 7 8 9 10 11 12 13 14 15 16 17 18 19 20 1 2 3 4 5
7 8 9 10 11 12 13 14 15 16 17 18 19 20 1 2 3 4 5 6
8 9 10 11 12 13 14 15 16 17 18 19 20 1 2 3 4 5 6 7
9 10 11 12 13 14 15 16 17 18 19 20 1 2 3 4 5 6 7 8
10 11 12 13 14 15 16 17 18 19 20 1 2 3 4 5 6 7 8 9
11 12 13 14 15 16 17 18 19 20 1 2 3 4 5 6 7 8 9 10
12 13 14 15 16 17 18 19 20 1 2 3 4 5 6 7 8 9 10 11
13 14 15 16 17 18 19 20 1 2 3 4 5 6 7 8 9 10 11 12
14 15 16 17 18 19 20 1 2 3 4 5 6 7 8 9 10 11 12 13
15 16 17 18 19 20 1 2 3 4 5 6 7 8 9 10 11 12 13 14
16 17 18 19 20 1 2 3 4 5 6 7 8 9 10 11 12 13 14 15
17 18 19 20 1 2 3 4 5 6 7 8 9 10 11 12 13 14 15 16
18 19 20 1 2 3 4 5 6 7 8 9 10 11 12 13 14 15 16 17
19 20 1 2 3 4 5 6 7 8 9 10 11 12 13 14 15 16 17 18
20 1 2 3 4 5 6 7 8 9 10 11 12 13 14 15 16 17 18 19
1 2 3 4 5 6 7 8 9 10 11 12 13 14 15 16 17 18 19 20
2 3 4 5 6 7 8 9 10 11 12 13 14 15 16 17 18 19 20 1
3 4 5 6 7 8 9 10 11 12 13 14 15 16 17 18 19 20 1 2
4 5 6 7 8 9 10 11 12 13 14 15 16 17 18 19 20 1 2 3
5 6 7 8 9 10 11 12 13 14 15 16 17 18 19 20 1 2 3 4
6 7 8 9 10 11 12 13 14 15 16 17 18 19 20 1 2 3 4 5
7 8 9 10 11 12 13 14 15 16 17 18 19 20 1 2 3 4 5 6
8 9 10 11 12 13 14 15 16 17 18 19 20 1 2 3 4 5 6 7
9 10 11 12 13 14 15 16 17 18 19 20 1 2 3 4 5 6 7 8
10 11 12 13 14 15 16 17 18 19 20 1 2 3 4 5 6 7 8 9
11 12 13 14 15 16 17 18 19 20 1 2 3 4 5 6 7 8 9 10
12 13 14 15 16 17 18 19 20 1 2 3 4 5 6 7 8 9 10 11
13 14 15 16 17 18 19 20 1 2 3 4 5 6 7 8 9 10 11 12
14 15 16 17 18 19 20 1 2 3 4 5 6 7 8 9 10 11 12 13
15 16 17 18 19 20 1 2 3 4 5 6 7 8 9 10 11 12 13 14
16 17 18 19 20 1 2 3 4 5 6 7 8 9 10 11 12 13 14 15
17 18 19 20 1 2 3 4 5 6 7 8 9 10 11 12 13 14 15 16
18 19 20 1 2 3 4 5 6 7 8 9 10 11 12 13 14 15 16 17
19 20 1 2 3 4 5 6 7 8 9 10 11 12 13 14 15 16 17 18
20 1 2 3 4 5 6 7 8 9 10 11 12 13 14 15 16 17 18 19
1 2 3 4 5 6 7 8 9 10 11 12 13 14 15 16 17 18 19 20
2 3 4 5 6 7 8 9 10 11 12 13 14 15 16 17 18 19 20 1
3 4 5 6 7 8 9 10 11 12 13 14 15 16 17 18 19 20 1 2
4 5 6 7 8 9 10 11 12 13 14 15 16 17 18 19 20 1 2 3
5 6 7 8 9 10 11 12 13 14 15 16 17 18 19 20 1 2 3 4
6 7 8 9 10 11 12 13 14 15 16 17 18 19 20 1 2 3 4 5
7 8 9 10 11 12 13 14 15 16 17 18 19 20 1 2 3 4 5 6
8 9 10 11 12 13 14 15 16 17 18 19 20 1 2 3 4 5 6 7
9 10 11 12 13 14 15 16 17 18 19 20 1 2 3 4 5 6 7 8
10 11 12 13 14 15 16 17 18 19 20 1 2 3 4 5 6 7 8 9
11 12 13 14 15 16 17 18 19 20 1 2 3 4 5 6 7 8 9 10
12 13 14 15 16 17 18 19 20 1 2 3 4 5 6 7 8 9 10 11
13 14 15 16 17 18 19 20 1 2 3 4 5 6 7 8 9 10 11 12
14 15 16 17 18 19 20 1 2 3 4 5 6 7 8 9 10 11 12 13
15 16 17 18 19 20 1 2 3 4 5 6 7 8 9 10 11 12 13 14
16 17 18 19 20 1 2 3 4 5 6 7 8 9 10 11 12 13 14 15
17 18 19 20 1 2 3 4 5 6 7 8 9 10 11 12 13 14 15 16
18 19 20 1 2 3 4 5 6 7 8 9 10 11 12 13 14 15 16 17
19 20 1 2 3 4 5 6 7 8 9 10 11 12 13 14 15 16 17 18
20 1 2 3 4 5 6 7 8 9 10 11 12 13 14 15 16 17 18 19
1 2 3 4 5 6 7 8 9 10 11 12 13 14 15 16 17 18 19 20
2 3 4 5 6 7 8 9 10 11 12 13 14 15 16 17 18 19 20 1
3 4 5 6 7 8 9 10 11 12 13 14 15 16 17 18 19 20 1 2
4 5 6 7 8 9 10 11 12 13 14 15 16 17 18 19 20 1 2 3
5 6 7 8 9 10 11 12 13 14 15 16 17 18 19 20 1 2 3 4
6 7 8 9 10 11 12 13 14 15 16 17 18 19 20 1 2 3 4 5
7 8 9 10 11 12 13 14 15 16 17 18 19 20 1 2 3 4 5 6
8 9 10 11 12 13 14 15 16 17 18 19 20 1 2 3 4 5 6 7
9 10 11 12 13 14 15 16 17 18 19 20 1 2 3 4 5 6 7 8
10 11 12 13 14 15 16 17 18 19 20 1 2 3 4 5 6 7 8 9
11 12 13 14 15 16 17 18 19 20 1 2 3 4 5 6 7 8 9 10
12 13 14 15 16 17 18 19 20 1 2 3 4 5 6 7 8 9 10 11
13 14 15 16 17 18 19 20 1 2 3 4 5 6 7 8 9 10 11 12
14 15 16 17 18 19 20 1 2 3 4 5 6 7 8 9 10 11 12 13
15 16 17 18 19 20 1 2 3 4 5 6 7 8 9 10 11 12 13 14
16 17 18 19 20 1 2 3 4 5 6 7 8 9 10 11 12 13 14 15
17 18 19 20 1 2 3 4 5 6 7 8 9 10 11 12 13 14 15 16
18 19 20 1 2 3 4 5 6 7 8 9 10 11 12 13 14 15 16 17
19 20 1 2 3 4 5 6 7 8 9 10 11 12 13 14 15 16 17 18
20 1 2 3 4 5 6 7 8 9 10 11 12 13 14 15 16 17 18 19
1 2 3 4 5 6 7 8 9 10 11 12 13 14 15 16 17 18 19 20
2 3 4 5 6 7 8 9 10 11 12 13 14 15 16 17 18 19 20 1
3 4 5 6 7 8 9 10 11 12 13 14 15 16 17 18 19 20 1 2
4 5 6 7 8 9 10 11 12 13 14 15 16 17 18 19 20 1 2 3
5 6 7 8 9 10 11 12 13 14 15 16 17 18 19 20 1 2 3 4
6 7 8 9 10 11 12 13 14 15 16 17 18 19 20 1 2 3 4 5
7 8 9 10 11 12 13 14 15 16 17 18 19 20 1 2 3 4 5 6
8 9 10 11 12 13 14 15 16 17 18 19 20 1 2 3 4 5 6 7
9 10 11 12 13 14 15 16 17 18 19 20 1 2 3 4 5 6 7 8
10 11 12 13 14 15 16 17 18 19 20 1 2 3 4 5 6 7 8 9
11 12 13 14 15 16 17 18 19 20 1 2 3 4 5 6 7 8 9 10
12 13 14 15 16 17 18 19 20 1 2 3 4 5 6 7 8 9 10 11
13 14 15 16 17 18 19 20 1 2 3 4 5 6 7 8 9 10 11 12
14 15 16 17 18 19 20 1 2 3 4 5 6 7 8 9 10 11 12 13
15 16 17 18 19 20 1 2 3 4 5 6 7 8 9 10 11 12 13 14
16 17 18 19 20 1 2 3 4 5 6 7 8 9 10 11 12 13 14 15
17 18 19 20 1 2 3 4 5 6 7 8 9 10 11 12 13 14 15 16
18 19 20 1 2 3 4 5 6 7 8 9 10 11 12 13 14 15 16 17
19 20 1 2 3 4 5 6 7 8 9 10 11 12 13 14 15 16 17 18
20 1 2 3 4 5 6 7 8 9 10 11 12 13 14 15 16 17 18 19
1 2 3 4 5 6 7 8 9 10 11 12 13 14 15 16 17 18 19 20
2 3 4 5 6 7 8 9 10 11 12 13 14 15 16 17 18 19 20 1
3 4 5 6 7 8 9 10 11 12 13 14 15 16 17 18 19 20 1 2
4 5 6 7 8 9 10 11 12 13 14 15 16 17 18 19 20 1 2 3
5 6 7 8 9 10 11 12 13 14 15 16 17 18 19 20 1 2 3 4
6 7 8 9 10 11 12 13 14 15 16 17 18 19 20 1 2 3 4 5
7 8 9 10 11 12 13 14 15 16 17 18 19 20 1 2 3 4 5 6
8 9 10 11 12 13 14 15 16 17 18 19 20 1 2 3 4 5 6 7
9 10 11 12 13 14 15 16 17 18 19 20 1 2 3 4 5 6 7 8
10 11 12 13 14 15 16 17 18 19 20 1 2 3 4 5 6 7 8 9
11 12 13 14 15 16 17 18 19 20 1 2 3 4 5 6 7 8 9 10
12 13 14 15 16 17 18 19 20 1 2 3 4 5 6 7 8 9 10 11
13 14 15 16 17 18 19 20 1 2 3 4 5 6 7 8 9 10 11 12
14 15 16 17 18 19 20 1 2 3 4 5 6 7 8 9 10 11 12 13
15 16 17 18 19 20 1 2 3 4 5 6 7 8 9 10 11 12 13 14
16 17 18 19 20 1 2 3 4 5 6 7 8 9 10 11 12 13 14 15
17 18 19 20 1 2 3 4 5 6 7 8 9 10 11 12 13 14 15 16
18 19 20 1 2 3 4 5 6 7 8 9 10 11 12 13 14 15 16 17
19 20 1 2 3 4 5 6 7 8 9 10 11 12 13 14 15 16 17 18
20 1 2 3 4 5 6 7 8 9 10 11 12 13 14 15 16 17 18 19
1 2 3 4 5 6 7 8 9 10 11 12 13 14 15 16 17 18 19 20
2 3 4 5 6 7 8 9 10 11 12 13 14 15 16 17 18 19 20 1
3 4 5 6 7 8 9 10 11 12 13 14 15 16 17 18 19 20 1 2
4 5 6 7 8 9 10 11 12 13 14 15 16 17 18 19 20 1 2 3
5 6 7 8 9 10 11 12 13 14 15 16 17 18 19 20 1 2 3 4
6 7 8 9 10 11 12 13 14 15 16 17 18 19 20 1 2 3 4 5
7 8 9 10 11 12 13 14 15 16 17 18 19 20 1 2 3 4 5 6
8 9 10 11 12 13 14 15 16 17 18 19 20 1 2 3 4 5 6 7
9 10 11 12 13 14 15 16 17 18 19 20 1 2 3 4 5 6 7 8
10 11 12 13 14 15 16 17 18 19 20 1 2 3 4 5 6 7 8 9
11 12 13 14 15 16 17 18 19 20 1 2 3 4 5 6 7 8 9 10
12 13 14 15 16 17 18 19 20 1 2 3 4 5 6 7 8 9 10 11
13 14 15 16 17 18 19 20 1 2 3 4 5 6 7 8 9 10 11 12
14 15 16 17 18 19 20 1 2 3 4 5 6 7 8 9 10 11 12 13
15 16 17 18 19 20 1 2 3 4 5 6 7 8 9 10 11 12 13 14
16 17 18 19 20 1 2 3 4 5 6 7 8 9 10 11 12 13 14 15
17 18 19 20 1 2 3 4 5 6 7 8 9 10 11 12 13 14 15 16
18 19 20 1 2 3 4 5 6 7 8 9 10 11 12 13 14 15 16 17
19 20 1 2 3 4 5 6 7 8 9 10 11 12 13 14 15 16 17 18
20 1 2 3 4 5 6 7 8 9 10 11 12 13 14 15 16 17 18 19
1 2 3 4 5 6 7 8 9 10 11 12 13 14 15 16 17 18 19 20
2 3 4 5 6 7 8 9 10 11 12 13 14 15 16 17 18 19 20 1
3 4 5 6 7 8 9 10 11 12 13 14 15 16 17 18 19 20 1 2
4 5 6 7 8 9 10 11 12 13 14 15 16 17 18 19 20 1 2 3
5 6 7 8 9 10 11 12 13 14 15 16 17 18 19 20 1 2 3 4
6 7 8 9 10 11 12 13 14 15 16 17 18 19 20 1 2 3 4 5
7 8 9 10 11 12 13 14 15 16 17 18 19 20 1 2 3 4 5 6
8 9 10 11 12 13 14 15 16 17 18 19 20 1 2 3 4 5 6 7
9 10 11 12 13 14 15 16 17 18 19 20 1 2 3 4 5 6 7 8
10 11 12 13 14 15 16 17 18 19 20 1 2 3 4 5 6 7 8 9
11 12 13 14 15 16 17 18 19 20 1 2 3 4 5 6 7 8 9 10
12 13 14 15 16 17 18 19 20 1 2 3 4 5 6 7 8 9 10 11
13 14 15 16 17 18 19 20 1 2 3 4 5 6 7 8 9 10 11 12
14 15 16 17 18 19 20 1 2 3 4 5 6 7 8 9 10 11 12 13
15 16 17 18 19 20 1 2 3 4 5 6 7 8 9 10 11 12 13 14
16 17 18 19 20 1 2 3 4 5 6 7 8 9 10 11 12 13 14 15
17 18 19 20 1 2 3 4 5 6 7 8 9 10 11 12 13 14 15 16
18 19 20 1 2 3 4 5 6 7 8 9 10 11 12 13 14 15 16 17
19 20 1 2 3 4 5 6 7 8 9 10 11 12 13 14 15 16 17 18
20 1 2 3 4 5 6 7 8 9 10 11 12 13 14 15 16 17 18 19
1 2 3 4 5 6 7 8 9 10 11 12 13 14 15 16 17 18 19 20
2 3 4 5 6 7 8 9 10 11 12 13 14 15 16 17 18 19 20 1
3 4 5 6 7 8 9 10 11 12 13 14 15 16 17 18 19 20 1 2
4 5 6 7 8 9 10 11 12 13 14 15 16 17 18 19 20 1 2 3
5 6 7 8 9 10 11 12 13 14 15 16 17 18 19 20 1 2 3 4
6 7 8 9 10 11 12 13 14 15 16 17 18 19 20 1 2 3 4 5
7 8 9 10 11 12 13 14 15 16 17 18 19 20 1 2 3 4 5 6
8 9 10 11 12 13 14 15 16 17 18 19 20 1 2 3 4 5 6 7
9 10 11 12 13 14 15 16 17 18 19 20 1 2 3 4 5 6 7 8
10 11 12 13 14 15 16 17 18 19 20 1 2 3 4 5 6 7 8 9
11 12 13 14 15 16 17 18 19 20 1 2 3 4 5 6 7 8 9 10
12 13 14 15 16 17 18 19 20 1 2 3 4 5 6 7 8 9 10 11
13 14 15 16 17 18 19 20 1 2 3 4 5 6 7 8 9 10 11 12
14 15 16 17 18 19 20 1 2 3 4 5 6 7 8 9 10 11 12 13
15 16 17 18 19 20 1 2 3 4 5 6 7 8 9 10 11 12 13 14
16 17 18 19 20 1 2 3 4 5 6 7 8 9 10 11 12 13 14 15
17 18 19 20 1 2 3 4 5 6 7 8 9 10 11 12 13 14 15 16
18 19 20 1 2 3 4 5 6 7 8 9 10 11 12 13 14 15 16 17
19 20 1 2 3 4 5 6 7 8 9 10 11 12 13 14 15 16 17 18
20 1 2 3 4 5 6 7 8 9 10 11 12 13 14 15 16 17 18 19
1 2 3 4 5 6 7 8 9 10 11 12 13 14 15 16 17 18 19 20
2 3 4 5 6 7 8 9 10 11 12 13 14 15 16 17 18 19 20 1
3 4 5 6 7 8 9 10 11 12 13 14 15 16 17 18 19 20 1 2
4 5 6 7 8 9 10 11 12 13 14 15 16 17 18 19 20 1 2 3
5 6 7 8 9 10 11 12 13 14 15 16 17 18 19 20 1 2 3 4
6 7 8 9 10 11 12 13 14 15 16 17 18 19 20 1 2 3 4 5
7 8 9 10 11 12 13 14 15 16 17 18 19 20 1 2 3 4 5 6
8 9 10 11 12 13 14 15 16 17 18 19 20 1 2 3 4 5 6 7
9 10 11 12 13 14 15 16 17 18 19 20 1 2 3 4 5 6 7 8
10 11 12 13 14 15 16 17 18 19 20 1 2 3 4 5 6 7 8 9
11 12 13 14 15 16 17 18 19 20 1 2 3 4 5 6 7 8 9 10
12 13 14 15 16 17 18 19 20 1 2 3 4 5 6 7 8 9 10 11
13 14 15 16 17 18 19 20 1 2 3 4 5 6 7 8 9 10 11 12
14 15 16 17 18 19 20 1 2 3 4 5 6 7 8 9 10 11 12 13
15 16 17 18 19 20 1 2 3 4 5 6 7 8 9 10 11 12 13 14
16 17 18 19 20 1 2 3 4 5 6 7 8 9 10 11 12 13 14 15
17 18 19 20 1 2 3 4 5 6 7 8 9 10 11 12 13 14 15 16
18 19 20 1 2 3 4 5 6 7 8 9 10 11 12 13 14 15 16 17
19 20 1 2 3 4 5 6 7 8 9 10 11 12 13 14 15 16 17 18
20 1 2 3 4 5 6 7 8 9 10 11 12 13 14 15 16 17 18 19
1 2 3 4 5 6 7 8 9 10 11 12 13 14 15 16 17 18 19 20
2 3 4 5 6 7 8 9 10 11 12 13 14 15 16 17 18 19 20 1
3 4 5 6 7 8 9 10 11 12 13 14 15 16 17 18 19 20 1 2
4 5 6 7 8 9 10 11 12 13 14 15 16 17 18 19 20 1 2 3
5 6 7 8 9 10 11 12 13 14 15 16 17 18 19 20 1 2 3 4
6 7 8 9 10 11 12 13 14 15 16 17 18 19 20 1 2 3 4 5
7 8 9 10 11 12 13 14 15 16 17 18 19 20 1 2 3 4 5 6
8 9 10 11 12 13 14 15 16 17 18 19 20 1 2 3 4 5 6 7
9 10 11 12 13 14 15 16 17 18 19 20 1 2 3 4 5 6 7 8
10 11 12 13 14 15 16 17 18 19 20 1 2 3 4 5 6 7 8 9
11 12 13 14 15 16 17 18 19 20 1 2 3 4 5 6 7 8 9 10
12 13 14 15 16 17 18 19 20 1 2 3 4 5 6 7 8 9 10 11
13 14 15 16 17 18 19 20 1 2 3 4 5 6 7 8 9 10 11 12
14 15 16 17 18 19 20 1 2 3 4 5 6 7 8 9 10 11 12 13
15 16 17 18 19 20 1 2 3 4 5 6 7 8 9 10 11 12 13 14
16 17 18 19 20 1 2 3 4 5 6 7 8 9 10 11 12 13 14 15
17 18 19 20 1 2 3 4 5 6 7 8 9 10 11 12 13 14 15 16
18 19 20 1 2 3 4 5 6 7 8 9 10 11 12 13 14 15 16 17
19 20 1 2 3 4 5 6 7 8 9 10 11 12 13 14 15 16 17 18
20 1 2 3 4 5 6 7 8 9 10 11 12 13 14 15 16 17 18 19
1 2 3 4 5 6 7 8 9 10 11 12 13 14 15 16 17 18 19 20
2 3 4 5 6 7 8 9 10 11 12 13 14 15 16 17 18 19 20 1
3 4 5 6 7 8 9 10 11 12 13 14 15 16 17 18 19 20 1 2
4 5 6 7 8 9 10 11 12 13 14 15 16 17 18 19 20 1 2 3
5 6 7 8 9 10 11 12 13 14 15 16 17 18 19 20 1 2 3 4
6 7 8 9 10 11 12 13 14 15 16 17 18 19 20 1 2 3 4 5
7 8 9 10 11 12 13 14 15 16 17 18 19 20 1 2 3 4 5 6
8 9 10 11 12 13 14 15 16 17 18 19 20 1 2 3 4 5 6 7
9 10 11 12 13 14 15 16 17 18 19 20 1 2 3 4 5 6 7 8
10 11 12 13 14 15 16 17 18 19 20 1 2 3 4 5 6 7 8 9
11 12 13 14 15 16 17 18 19 20 1 2 3 4 5 6 7 8 9 10
12 13 14 15 16 17 18 19 20 1 2 3 4 5 6 7 8 9 10 11
13 14 15 16 17 18 19 20 1 2 3 4 5 6 7 8 9 10 11 12
14 15 16 17 18 19 20 1 2 3 4 5 6 7 8 9 10 11 12 13
15 16 17 18 19 20 1 2 3 4 5 6 7 8 9 10 11 12 13 14
16 17 18 19 20 1 2 3 4 5 6 7 8 9 10 11 12 13 14 15
17 18 19 20 1 2 3 4 5 6 7 8 9 10 11 12 13 14 15 16
18 19 20 1 2 3 4 5 6 7 8 9 10 11 12 13 14 15 16 17
19 20 1 2 3 4 5 6 7 8 9 10 11 12 13 14 15 16 17 18
20 1 2 3 4 5 6 7 8 9 10 11 12 13 14 15 16 17 18 19
1 2 3 4 5 6 7 8 9 10 11 12 13 14 15 16 17 18 19 20
2 3 4 5 6 7 8 9 10 11 12 13 14 15 16 17 18 19 20 1
3 4 5 6 7 8 9 10 11 12 13 14 15 16 17 18 19 20 1 2
4 5 6 7 8 9 10 11 12 13 14 15 16 17 18 19 20 1 2 3
5 6 7 8 9 10 11 12 13 14 15 16 17 18 19 20 1 2 3 4
6 7 8 9 10 11 12 13 14 15 16 17 18 19 20 1 2 3 4 5
7 8 9 10 11 12 13 14 15 16 17 18 19 20 1 2 3 4 5 6
8 9 10 11 12 13 14 15 16 17 18 19 20 1 2 3 4 5 6 7
9 10 11 12 13 14 15 16 17 18 19 20 1 2 3 4 5 6 7 8
10 11 12 13 14 15 16 17 18 19 20 1 2 3 4 5 6 7 8 9
11 12 13 14 15 16 17 18 19 20 1 2 3 4 5 6 7 8 9 10
12 13 14 15 16 17 18 19 20 1 2 3 4 5 6 7 8 9 10 11
13 14 15 16 17 18 19 20 1 2 3 4 5 6 7 8 9 10 11 12
14 15 16 17 18 19 20 1 2 3 4 5 6 7 8 9 10 11 12 13
15 16 17 18 19 20 1 2 3 4 5 6 7 8 9 10 11 12 13 14
16 17 18 19 20 1 2 3 4 5 6 7 8 9 10 11 12 13 14 15
17 18 19 20 1 2 3 4 5 6 7 8 9 10 11 12 13 14 15 16
18 19 20 1 2 3 4 5 6 7 8 9 10 11 12 13 14 15 16 17
19 20 1 2 3 4 5 6 7 8 9 10 11 12 13 14 15 16 17 18
20 1 2 3 4 5 6 7 8 9 10 11 12 13 14 15 16 17 18 19
1 2 3 4 5 6 7 8 9 10 11 12 13 14 15 16 17 18 19 20
2 3 4 5 6 7 8 9 10 11 12 13 14 15 16 17 18 19 20 1
3 4 5 6 7 8 9 10 11 12 13 14 15 16 17 18 19 20 1 2
4 5 6 7 8 9 10 11 12 13 14 15 16 17 18 19 20 1 2 3
5 6 7 8 9 10 11 12 13 14 15 16 17 18 19 20 1 2 3 4
6 7 8 9 10 11 12 13 14 15 16 17 18 19 20 1 2 3 4 5
7 8 9 10 11 12 13 14 15 16 17 18 19 20 1 2 3 4 5 6
8 9 10 11 12 13 14 15 16 17 18 19 20 1 2 3 4 5 6 7
9 10 11 12 13 14 15 16 17 18 19 20 1 2 3 4 5 6 7 8
10 11 12 13 14 15 16 17 18 19 20 1 2 3 4 5 6 7 8 9
11 12 13 14 15 16 17 18 19 20 1 2 3 4 5 6 7 8 9 10
12 13 14 15 16 17 18 19 20 1 2 3 4 5 6 7 8 9 10 11
13 14 15 16 17 18 19 20 1 2 3 4 5 6 7 8 9 10 11 12
14 15 16 17 18 19 20 1 2 3 4 5 6 7 8 9 10 11 12 13
15 16 17 18 19 20 1 2 3 4 5 6 7 8 9 10 11 12 13 14
16 17 18 19 20 1 2 3 4 5 6 7 8 9 10 11 12 13 14 15
17 18 19 20 1 2 3 4 5 6 7 8 9 10 11 12 13 14 15 16
18 19 20 1 2 3 4 5 6 7 8 9 10 11 12 13 14 15 16 17
19 20 1 2 3 4 5 6 7 8 9 10 11 12 13 14 15 16 17 18
20 1 2 3 4 5 6 7 8 9 10 11 12 13 14 15 16 17 18 19
1 2 3 4 5 6 7 8 9 10 11 12 13 14 15 16 17 18 19 20
2 3 4 5 6 7 8 9 10 11 12 13 14 15 16 17 18 19 20 1
3 4 5 6 7 8 9 10 11 12 13 14 15 16 17 18 19 20 1 2
4 5 6 7 8 9 10 11 12 13 14 15 16 17 18 19 20 1 2 3
5 6 7 8 9 10 11 12 13 14 15 16 17 18 19 20 1 2 3 4
6 7 8 9 10 11 12 13 14 15 16 17 18 19 20 1 2 3 4 5
7 8 9 10 11 12 13 14 15 16 17 18 19 20 1 2 3 4 5 6
8 9 10 11 12 13 14 15 16 17 18 19 20 1 2 3 4 5 6 7
9 10 11 12 13 14 15 16 17 18 19 20 1 2 3 4 5 6 7 8
10 11 12 13 14 15 16 17 18 19 20 1 2 3 4 5 6 7 8 9
11 12 13 14 15 16 17 18 19 20 1 2 3 4 5 6 7 8 9 10
12 13 14 15 16 17 18 19 20 1 2 3 4 5 6 7 8 9 10 11
13 14 15 16 17 18 19 20 1 2 3 4 5 6 7 8 9 10 11 12
14 15 16 17 18 19 20 1 2 3 4 5 6 7 8 9 10 11 12 13
15 16 17 18 19 20 1 2 3 4 5 6 7 8 9 10 11 12 13 14
16 17 18 19 20 1 2 3 4 5 6 7 8 9 10 11 12 13 14 15
17 18 19 20 1 2 3 4 5 6 7 8 9 10 11 12 13 14 15 16
18 19 20 1 2 3 4 5 6 7 8 9 10 11 12 13 14 15 16 17
19 20 1 2 3 4 5 6 7 8 9 10 11 12 13 14 15 16 17 18
20 1 2 3 4 5 6 7 8 9 10 11 12 13 14 15 16 17 18 19
1 2 3 4 5 6 7 8 9 10 11 12 13 14 15 16 17 18 19 20
2 3 4 5 6 7 8 9 10 11 12 13 14 15 16 17 18 19 20 1
3 4 5 6 7 8 9 10 11 12 13 14 15 16 17 18 19 20 1 2
4 5 6 7 8 9 10 11 12 13 14 15 16 17 18 19 20 1 2 3
5 6 7 8 9 10 11 12 13 14 15 16 17 18 19 20 1 2 3 4
6 7 8 9 10 11 12 13 14 15 16 17 18 19 20 1 2 3 4 5
7 8 9 10 11 12 13 14 15 16 17 18 19 20 1 2 3 4 5 6
8 9 10 11 12 13 14 15 16 17 18 19 20 1 2 3 4 5 6 7
9 10 11 12 13 14 15 16 17 18 19 20 1 2 3 4 5 6 7 8
10 11 12 13 14 15 16 17 18 19 20 1 2 3 4 5 6 7 8 9
11 12 13 14 15 16 17 18 19 20 1 2 3 4 5 6 7 8 9 10
12 13 14 15 16 17 18 19 20 1 2 3 4 5 6 7 8 9 10 11
13 14 15 16 17 18 19 20 1 2 3 4 5 6 7 8 9 10 11 12
14 15 16 17 18 19 20 1 2 3 4 5 6 7 8 9 10 11 12 13
15 16 17 18 19 20 1 2 3 4 5 6 7 8 9 10 11 12 13 14
16 17 18 19 20 1 2 3 4 5 6 7 8 9 10 11 12 13 14 15
17 18 19 20 1 2 3 4 5 6 7 8 9 10 11 12 13 14 15 16
18 19 20 1 2 3 4 5 6 7 8 9 10 11 12 13 14 15 16 17
19 20 1 2 3 4 5 6 7 8 9 10 11 12 13 14 15 16 17 18
20 1 2 3 4 5 6 7 8 9 10 11 12 13 14 15 16 17 18 19
1 2 3 4 5 6 7 8 9 10 11 12 13 14 15 16 17 18 19 20
2 3 4 5 6 7 8 9 10 11 12 13 14 15 16 17 18 19 20 1
3 4 5 6 7 8 9 10 11 12 13 14 15 16 17 18 19 20 1 2
4 5 6 7 8 9 10 11 12 13 14 15 16 17 18 19 20 1 2 3
5 6 7 8 9 10 11 12 13 14 15 16 17 18 19 20 1 2 3 4
6 7 8 9 10 11 12 13 14 15 16 17 18 19 20 1 2 3 4 5
7 8 9 10 11 12 13 14 15 16 17 18 19 20 1 2 3 4 5 6
8 9 10 11 12 13 14 15 16 17 18 19 20 1 2 3 4 5 6 7
9 10 11 12 13 14 15 16 17 18 19 20 1 2 3 4 5 6 7 8
10 11 12 13 14 15 16 17 18 19 20 1 2 3 4 5 6 7 8 9
11 12 13 14 15 16 17 18 19 20 1 2 3 4 5 6 7 8 9 10
12 13 14 15 16 17 18 19 20 1 2 3 4 5 6 7 8 9 10 11
13 14 15 16 17 18 19 20 1 2 3 4 5 6 7 8 9 10 11 12
14 15 16 17 18 19 20 1 2 3 4 5 6 7 8 9 10 11 12 13
15 16 17 18 19 20 1 2 3 4 5 6 7 8 9 10 11 12 13 14
16 17 18 19 20 1 2 3 4 5 6 7 8 9 10 11 12 13 14 15
17 18 19 20 1 2 3 4 5 6 7 8 9 10 11 12 13 14 15 16
18 19 20 1 2 3 4 5 6 7 8 9 10 11 12 13 14 15 16 17
19 20 1 2 3 4 5 6 7 8 9 10 11 12 13 14 15 16 17 18
20 1 2 3 4 5 6 7 8 9 10 11 12 13 14 15 16 17 18 19
1 2 3 4 5 6 7 8 9 10 11 12 13 14 15 16 17 18 19 20
2 3 4 5 6 7 8 9 10 11 12 13 14 15 16 17 18 19 20 1
3 4 5 6 7 8 9 10 11 12 13 14 15 16 17 18 19 20 1 2
4 5 6 7 8 9 10 11 12 13 14 15 16 17 18 19 20 1 2 3
5 6 7 8 9 10 11 12 13 14 15 16 17 18 19 20 1 2 3 4
6 7 8 9 10 11 12 13 14 15 16 17 18 19 20 1 2 3 4 5
7 8 9 10 11 12 13 14 15 16 17 18 19 20 1 2 3 4 5 6
8 9 10 11 12 13 14 15 16 17 18 19 20 1 2 3 4 5 6 7
9 10 11 12 13 14 15 16 17 18 19 20 1 2 3 4 5 6 7 8
10 11 12 13 14 15 16 17 18 19 20 1 2 3 4 5 6 7 8 9
11 12 13 14 15 16 17 18 19 20 1 2 3 4 5 6 7 8 9 10
12 13 14 15 16 17 18 19 20 1 2 3 4 5 6 7 8 9 10 11
13 14 15 16 17 18 19 20 1 2 3 4 5 6 7 8 9 10 11 12
14 15 16 17 18 19 20 1 2 3 4 5 6 7 8 9 10 11 12 13
15 16 17 18 19 20 1 2 3 4 5 6 7 8 9 10 11 12 13 14
16 17 18 19 20 1 2 3 4 5 6 7 8 9 10 11 12 13 14 15
17 18 19 20 1 2 3 4 5 6 7 8 9 10 11 12 13 14 15 16
18 19 20 1 2 3 4 5 6 7 8 9 10 11 12 13 14 15 16 17
19 20 1 2 3 4 5 6 7 8 9 10 11 12 13 14 15 16 17 18
20 1 2 3 4 5 6 7 8 9 10 11 12 13 14 15 16 17 18 19
1 2 3 4 5 6 7 8 9 10 11 12 13 14 15 16 17 18 19 20
2 3 4 5 6 7 8 9 10 11 12 13 14 15 16 17 18 19 20 1
3 4 5 6 7 8 9 10 11 12 13 14 15 16 17 18 19 20 1 2
4 5 6 7 8 9 10 11 12 13 14 15 16 17 18 19 20 1 2 3
5 6 7 8 9 10 11 12 13 14 15 16 17 18 19 20 1 2 3 4
6 7 8 9 10 11 12 13 14 15 16 17 18 19 20 1 2 3 4 5
7 8 9 10 11 12 13 14 15 16 17 18 19 20 1 2 3 4 5 6
8 9 10 11 12 13 14 15 16 17 18 19 20 1 2 3 4 5 6 7
9 10 11 12 13 14 15 16 17 18 19 20 1 2 3 4 5 6 7 8
10 11 12 13 14 15 16 17 18 19 20 1 2 3 4 5 6 7 8 9
11 12 13 14 15 16 17 18 19 20 1 2 3 4 5 6 7 8 9 10
12 13 14 15 16 17 18 19 20 1 2 3 4 5 6 7 8 9 10 11
13 14 15 16 17 18 19 20 1 2 3 4 5 6 7 8 9 10 11 12
14 15 16 17 18 19 20 1 2 3 4 5 6 7 8 9 10 11 12 13
15 16 17 18 19 20 1 2 3 4 5 6 7 8 9 10 11 12 13 14
16 17 18 19 20 1 2 3 4 5 6 7 8 9 10 11 12 13 14 15
17 18 19 20 1 2 3 4 5 6 7 8 9 10 11 12 13 14 15 16
18 19 20 1 2 3 4 5 6 7 8 9 10 11 12 13 14 15 16 17
19 20 1 2 3 4 5 6 7 8 9 10 11 12 13 14 15 16 17 18
20 1 2 3 4 5 6 7 8 9 10 11 12 13 14 15 16 17 18 19
1 2 3 4 5 6 7 8 9 10 11 12 13 14 15 16 17 18 19 20
2 3 4 5 6 7 8 9 10 11 12 13 14 15 16 17 18 19 20 1
3 4 5 6 7 8 9 10 11 12 13 14 15 16 17 18 19 20 1 2
4 5 6 7 8 9 10 11 12 13 14 15 16 17 18 19 20 1 2 3
5 6 7 8 9 10 11 12 13 14 15 16 17 18 19 20 1 2 3 4
6 7 8 9 10 11 12 13 14 15 16 17 18 19 20 1 2 3 4 5
7 8 9 10 11 12 13 14 15 16 17 18 19 20 1 2 3 4 5 6
8 9 10 11 12 13 14 15 16 17 18 19 20 1 2 3 4 5 6 7
9 10 11 12 13 14 15 16 17 18 19 20 1 2 3 4 5 6 7 8
10 11 12 13 14 15 16 17 18 19 20 1 2 3 4 5 6 7 8 9
11 12 13 14 15 16 17 18 19 20 1 2 3 4 5 6 7 8 9 10
12 13 14 15 16 17 18 19 20 1 2 3 4 5 6 7 8 9 10 11
13 14 15 16 17 18 19 20 1 2 3 4 5 6 7 8 9 10 11 12
14 15 16 17 18 19 20 1 2 3 4 5 6 7 8 9 10 11 12 13
15 16 17 18 19 20 1 2 3 4 5 6 7 8 9 10 11 12 13 14
16 17 18 19 20 1 2 3 4 5 6 7 8 9 10 11 12 13 14 15
17 18 19 20 1 2 3 4 5 6 7 8 9 10 11 12 13 14 15 16
18 19 20 1 2 3 4 5 6 7 8 9 10 11 12 13 14 15 16 17
19 20 1 2 3 4 5 6 7 8 9 10 11 12 13 14 15 16 17 18
20 1 2 3 4 5 6 7 8 9 10 11 12 13 14 15 16 17 18 19
1 2 3 4 5 6 7 8 9 10 11 12 13 14 15 16 17 18 19 20
2 3 4 5 6 7 8 9 10 11 12 13 14 15 16 17 18 19 20 1
3 4 5 6 7 8 9 10 11 12 13 14 15 16 17 18 19 20 1 2
4 5 6 7 8 9 10 11 12 13 14 15 16 17 18 19 20 1 2 3
5 6 7 8 9 10 11 12 13 14 15 16 17 18 19 20 1 2 3 4
6 7 8 9 10 11 12 13 14 15 16 17 18 19 20 1 2 3 4 5
7 8 9 10 11 12 13 14 15 16 17 18 19 20 1 2 3 4 5 6
8 9 10 11 12 13 14 15 16 17 18 19 20 1 2 3 4 5 6 7
9 10 11 12 13 14 15 16 17 18 19 20 1 2 3 4 5 6 7 8
10 11 12 13 14 15 16 17 18 19 20 1 2 3 4 5 6 7 8 9
11 12 13 14 15 16 17 18 19 20 1 2 3 4 5 6 7 8 9 10
12 13 14 15 16 17 18 19 20 1 2 3 4 5 6 7 8 9 10 11
13 14 15 16 17 18 19 20 1 2 3 4 5 6 7 8 9 10 11 12
14 15 16 17 18 19 20 1 2 3 4 5 6 7 8 9 10 11 12 13
15 16 17 18 19 20 1 2 3 4 5 6 7 8 9 10 11 12 13 14
16 17 18 19 20 1 2 3 4 5 6 7 8 9 10 11 12 13 14 15
17 18 19 20 1 2 3 4 5 6 7 8 9 10 11 12 13 14 15 16
18 19 20 1 2 3 4 5 6 7 8 9 10 11 12 13 14 15 16 17
19 20 1 2 3 4 5 6 7 8 9 10 11 12 13 14 15 16 17 18
20 1 2 3 4 5 6 7 8 9 10 11 12 13 14 15 16 17 18 19
1 2 3 4 5 6 7 8 9 10 11 12 13 14 15 16 17 18 19 20
2 3 4 5 6 7 8 9 10 11 12 13 14 15 16 17 18 19 20 1
3 4 5 6 7 8 9 10 11 12 13 14 15 16 17 18 19 20 1 2
4 5 6 7 8 9 10 11 12 13 14 15 16 17 18 19 20 1 2 3
5 6 7 8 9 10 11 12 13 14 15 16 17 18 19 20 1 2 3 4
6 7 8 9 10 11 12 13 14 15 16 17 18 19 20 1 2 3 4 5
7 8 9 10 11 12 13 14 15 16 17 18 19 20 1 2 3 4 5 6
8 9 10 11 12 13 14 15 16 17 18 19 20 1 2 3 4 5 6 7
9 10 11 12 13 14 15 16 17 18 19 20 1 2 3 4 5 6 7 8
10 11 12 13 14 15 16 17 18 19 20 1 2 3 4 5 6 7 8 9
11 12 13 14 15 16 17 18 19 20 1 2 3 4 5 6 7 8 9 10
12 13 14 15 16 17 18 19 20 1 2 3 4 5 6 7 8 9 10 11
13 14 15 16 17 18 19 20 1 2 3 4 5 6 7 8 9 10 11 12
14 15 16 17 18 19 20 1 2 3 4 5 6 7 8 9 10 11 12 13
15 16 17 18 19 20 1 2 3 4 5 6 7 8 9 10 11 12 13 14
16 17 18 19 20 1 2 3 4 5 6 7 8 9 10 11 12 13 14 15
17 18 19 20 1 2 3 4 5 6 7 8 9 10 11 12 13 14 15 16
18 19 20 1 2 3 4 5 6 7 8 9 10 11 12 13 14 15 16 17
19 20 1 2 3 4 5 6 7 8 9 10 11 12 13 14 15 16 17 18
20 1 2 3 4 5 6 7 8 9 10 11 12 13 14 15 16 17 18 19
1 2 3 4 5 6 7 8 9 10 11 12 13 14 15 16 17 18 19 20
2 3 4 5 6 7 8 9 10 11 12 13 14 15 16 17 18 19 20 1
3 4 5 6 7 8 9 10 11 12 13 14 15 16 17 18 19 20 1 2
4 5 6 7 8 9 10 11 12 13 14 15 16 17 18 19 20 1 2 3
5 6 7 8 9 10 11 12 13 14 15 16 17 18 19 20 1 2 3 4
6 7 8 9 10 11 12 13 14 15 16 17 18 19 20 1 2 3 4 5
7 8 9 10 11 12 13 14 15 16 17 18 19 20 1 2 3 4 5 6
8 9 10 11 12 13 14 15 16 17 18 19 20 1 2 3 4 5 6 7
9 10 11 12 13 14 15 16 17 18 19 20 1 2 3 4 5 6 7 8
10 11 12 13 14 15 16 17 18 19 20 1 2 3 4 5 6 7 8 9
11 12 13 14 15 16 17 18 19 20 1 2 3 4 5 6 7 8 9 10
12 13 14 15 16 17 18 19 20 1 2 3 4 5 6 7 8 9 10 11
13 14 15 16 17 18 19 20 1 2 3 4 5 6 7 8 9 10 11 12
14 15 16 17 18 19 20 1 2 3 4 5 6 7 8 9 10 11 12 13
15 16 17 18 19 20 1 2 3 4 5 6 7 8 9 10 11 12 13 14
16 17 18 19 20 1 2 3 4 5 6 7 8 9 10 11 12 13 14 15
17 18 19 20 1 2 3 4 5 6 7 8 9 10 11 12 13 14 15 16
18 19 20 1 2 3 4 5 6 7 8 9 10 11 12 13 14 15 16 17
19 20 1 2 3 4 5 6 7 8 9 10 11 12 13 14 15 16 17 18
20 1 2 3 4 5 6 7 8 9 10 11 12 13 14 15 16 17 18 19
1 2 3 4 5 6 7 8 9 10 11 12 13 14 15 16 17 18 19 20
2 3 4 5 6 7 8 9 10 11 12 13 14 15 16 17 18 19 20 1
3 4 5 6 7 8 9 10 11 12 13 14 15 16 17 18 19 20 1 2
4 5 6 7 8 9 10 11 12 13 14 15 16 17 18 19 20 1 2 3
5 6 7 8 9 10 11 12 13 14 15 16 17 18 19 20 1 2 3 4
6 7 8 9 10 11 12 13 14 15 16 17 18 19 20 1 2 3 4 5
7 8 9 10 11 12 13 14 15 16 17 18 19 20 1 2 3 4 5 6
8 9 10 11 12 13 14 15 16 17 18 19 20 1 2 3 4 5 6 7
9 10 11 12 13 14 15 16 17 18 19 20 1 2 3 4 5 6 7 8
10 11 12 13 14 15 16 17 18 19 20 1 2 3 4 5 6 7 8 9
11 12 13 14 15 16 17 18 19 20 1 2 3 4 5 6 7 8 9 10
12 13 14 15 16 17 18 19 20 1 2 3 4 5 6 7 8 9 10 11
13 14 15 16 17 18 19 20 1 2 3 4 5 6 7 8 9 10 11 12
14 15 16 17 18 19 20 1 2 3 4 5 6 7 8 9 10 11 12 13
15 16 17 18 19 20 1 2 3 4 5 6 7 8 9 10 11 12 13 14
16 17 18 19 20 1 2 3 4 5 6 7 8 9 10 11 12 13 14 15
17 18 19 20 1 2 3 4 5 6 7 8 9 10 11 12 13 14 15 16
18 19 20 1 2 3 4 5 6 7 8 9 10 11 12 13 14 15 16 17
19 20 1 2 3 4 5 6 7 8 9 10 11 12 13 14 15 16 17 18
20 1 2 3 4 5 6 7 8 9 10 11 12 13 14 15 16 17 18 19
1 2 3 4 5 6 7 8 9 10 11 12 13 14 15 16 17 18 19 20
2 3 4 5 6 7 8 9 10 11 12 13 14 15 16 17 18 19 20 1
3 4 5 6 7 8 9 10 11 12 13 14 15 16 17 18 19 20 1 2
4 5 6 7 8 9 10 11 12 13 14 15 16 17 18 19 20 1 2 3
5 6 7 8 9 10 11 12 13 14 15 16 17 18 19 20 1 2 3 4
6 7 8 9 10 11 12 13 14 15 16 17 18 19 20 1 2 3 4 5
7 8 9 10 11 12 13 14 15 16 17 18 19 20 1 2 3 4 5 6
8 9 10 11 12 13 14 15 16 17 18 19 20 1 2 3 4 5 6 7
9 10 11 12 13 14 15 16 17 18 19 20 1 2 3 4 5 6 7 8
10 11 12 13 14 15 16 17 18 19 20 1 2 3 4 5 6 7 8 9
11 12 13 14 15 16 17 18 19 20 1 2 3 4 5 6 7 8 9 10
12 13 14 15 16 17 18 19 20 1 2 3 4 5 6 7 8 9 10 11
13 14 15 16 17 18 19 20 1 2 3 4 5 6 7 8 9 10 11 12
14 15 16 17 18 19 20 1 2 3 4 5 6 7 8 9 10 11 12 13
15 16 17 18 19 20 1 2 3 4 5 6 7 8 9 10 11 12 13 14
16 17 18 19 20 1 2 3 4 5 6 7 8 9 10 11 12 13 14 15
17 18 19 20 1 2 3 4 5 6 7 8 9 10 11 12 13 14 15 16
18 19 20 1 2 3 4 5 6 7 8 9 10 11 12 13 14 15 16 17
19 20 1 2 3 4 5 6 7 8 9 10 11 12 13 14 15 16 17 18
20 1 2 3 4 5 6 7 8 9 10 11 12 13 14 15 16 17 18 19
1 2 3 4 5 6 7 8 9 10 11 12 13 14 15 16 17 18 19 20
2 3 4 5 6 7 8 9 10 11 12 13 14 15 16 17 18 19 20 1
3 4 5 6 7 8 9 10 11 12 13 14 15 16 17 18 19 20 1 2
4 5 6 7 8 9 10 11 12 13 14 15 16 17 18 19 20 1 2 3
5 6 7 8 9 10 11 12 13 14 15 16 17 18 19 20 1 2 3 4
6 7 8 9 10 11 12 13 14 15 16 17 18 19 20 1 2 3 4 5
7 8 9 10 11 12 13 14 15 16 17 18 19 20 1 2 3 4 5 6
8 9 10 11 12 13 14 15 16 17 18 19 20 1 2 3 4 5 6 7
9 10 11 12 13 14 15 16 17 18 19 20 1 2 3 4 5 6 7 8
10 11 12 13 14 15 16 17 18 19 20 1 2 3 4 5 6 7 8 9
11 12 13 14 15 16 17 18 19 20 1 2 3 4 5 6 7 8 9 10
12 13 14 15 16 17 18 19 20 1 2 3 4 5 6 7 8 9 10 11
13 14 15 16 17 18 19 20 1 2 3 4 5 6 7 8 9 10 11 12
14 15 16 17 18 19 20 1 2 3 4 5 6 7 8 9 10 11 12 13
15 16 17 18 19 20 1 2 3 4 5 6 7 8 9 10 11 12 13 14
16 17 18 19 20 1 2 3 4 5 6 7 8 9 10 11 12 13 14 15
17 18 19 20 1 2 3 4 5 6 7 8 9 10 11 12 13 14 15 16
18 19 20 1 2 3 4 5 6 7 8 9 10 11 12 13 14 15 16 17
19 20 1 2 3 4 5 6 7 8 9 10 11 12 13 14 15 16 17 18
20 1 2 3 4 5 6 7 8 9 10 11 12 13 14 15 16 17 18 19
1 2 3 4 5 6 7 8 9 10 11 12 13 14 15 16 17 18 19 20
2 3 4 5 6 7 8 9 10 11 12 13 14 15 16 17 18 19 20 1
3 4 5 6 7 8 9 10 11 12 13 14 15 16 17 18 19 20 1 2
4 5 6 7 8 9 10 11 12 13 14 15 16 17 18 19 20 1 2 3
5 6 7 8 9 10 11 12 13 14 15 16 17 18 19 20 1 2 3 4
6 7 8 9 10 11 12 13 14 15 16 17 18 19 20 1 2 3 4 5
7 8 9 10 11 12 13 14 15 16 17 18 19 20 1 2 3 4 5 6
8 9 10 11 12 13 14 15 16 17 18 19 20 1 2 3 4 5 6 7
9 10 11 12 13 14 15 16 17 18 19 20 1 2 3 4 5 6 7 8
10 11 12 13 14 15 16 17 18 19 20 1 2 3 4 5 6 7 8 9
11 12 13 14 15 16 17 18 19 20 1 2 3 4 5 6 7 8 9 10
12 13 14 15 16 17 18 19 20 1 2 3 4 5 6 7 8 9 10 11
13 14 15 16 17 18 19 20 1 2 3 4 5 6 7 8 9 10 11 12
14 15 16 17 18 19 20 1 2 3 4 5 6 7 8 9 10 11 12 13
15 16 17 18 19 20 1 2 3 4 5 6 7 8 9 10 11 12 13 14
16 17 18 19 20 1 2 3 4 5 6 7 8 9 10 11 12 13 14 15
17 18 19 20 1 2 3 4 5 6 7 8 9 10 11 12 13 14 15 16
18 19 20 1 2 3 4 5 6 7 8 9 10 11 12 13 14 15 16 17
19 20 1 2 3 4 5 6 7 8 9 10 11 12 13 14 15 16 17 18
20 1 2 3 4 5 6 7 8 9 10 11 12 13 14 15 16 17 18 19
19 20 1 2 3 4 5 6 7 8 9 10 11 12 13 14 15 16 17 18
20 1 2 3 4 5 6 7 8 9 10 11 12 13 14 15 16 17 18 19